-0.0335814 0.704455 0.1963 -0.164026 0.543442 0.121667 -0.0452161 -0.353553
0.0308435 0.443106 -0.000979915 -0.0789859 -0.748722 -0.33073 0.0387056 -0.353553
0.327993 -0.339237 0.441064 0.104144 0.244502 -0.620908 0.040588 -0.353553
0.289808 -0.191208 0.426386 0.0663931 -0.237698 0.691316 0.183901 -0.353553
0.311805 -0.143257 -0.398069 -0.0555592 0.0142462 0.10787 -0.764114 -0.353553
0.221812 -0.0676944 -0.651365 0.026096 0.164761 0.00174798 0.607545 -0.353553
-0.584252 -0.358271 0.0272428 -0.635559 -0.00178553 0.00208929 0.0246278 -0.353553
-0.564428 -0.0478951 -0.0405786 0.737496 0.0212544 0.0269485 -0.0860369 -0.353553
