    0.116163     0.110247     0.100568     0.102310     0.111268     0.115996     0.118048     0.120433
    0.110247     0.120744     0.102340     0.104113     0.117113     0.121583     0.121862     0.124384
    0.100568     0.102340     0.110715     0.105356     0.113232     0.115337     0.099763     0.101708
    0.102310     0.104113     0.105356     0.113024     0.114286     0.116895     0.103401     0.105074
    0.111268     0.117113     0.113232     0.114286     0.133887     0.132698     0.115441     0.117943
    0.115996     0.121583     0.115337     0.116895     0.132698     0.141134     0.122700     0.126353
    0.118048     0.121862     0.099763     0.103401     0.115441     0.122700     0.169717     0.164600
    0.120433     0.124384     0.101708     0.105074     0.117943     0.126353     0.164600     0.174818
